n is 783
i     sa    suffix                              lcp   t s  rank   lcp[rank]
0     782                                       -1    2 0  371    149  
1     624   #0100101001001010010100100101001010 0     1 1  669    148  
2     382   $0100101001001010010010100101001001 0     0 0  186    147  
3     781   0                                   0     2 0  484    146  
4     381   0$010010100100101001001010010100100 1     0 1  782    145  
5     621   001#0100101001001010010100100101001 1     1 0  306    233  
6     618   001001#0100101001001010010100100101 3     1 1  604    232  
7     610   00100101001001#01001010010010100101 6     1 0  121    231  
8     589   00100101001001010010100100101001001 14    1 0  419    230  
9     534   00100101001001010010100100101001001 35    1 1  717    229  
10    390   00100101001001010010100100101001001 90    1 0  236    228  
11    148   00100101001001010010100100101001001 232   0 1  534    227  
12    692   00100101001001010010100100101001001 88    2 0  51     226  
13    292   00100101001001010010100100101001001 90    0 0  348    225  
14    445   00100101001001010010100100101001001 90    1 1  646    224  
15    59    00100101001001010010100100101001001 179   0 0  163    223  
16    203   00100101001001010010100100101001001 177   0 0  461    222  
17    747   00100101001001010010100100101001010 33    2 1  759    221  
18    347   00100101001001010010100100101001010 35    0 0  280    220  
19    555   00100101001001010010100100101001010 35    1 1  578    219  
20    500   00100101001001010010100100101001010 69    1 0  95     218  
21    114   00100101001001010010100100101001010 124   0 0  393    217  
22    658   00100101001001010010100100101001010 122   2 1  691    216  
23    258   00100101001001010010100100101001010 124   0 0  210    215  
24    411   00100101001001010010100100101001010 124   1 1  508    214  
25    25    00100101001001010010100100101001010 213   0 0  25     213  
26    169   00100101001001010010100100101001010 211   0 0  321    212  
27    713   00100101001001010010100100101001010 67    2 1  619    211  
28    313   00100101001001010010100100101001010 69    0 0  136    210  
29    466   00100101001001010010100100101001010 69    1 0  434    209  
30    80    00100101001001010010100100101001010 158   0 1  732    208  
31    224   00100101001001010010100100101001010 156   0 0  251    207  
32    768   00100101001010                      12    2 1  549    206  
33    368   00100101001010$01001010010010100100 14    0 0  66     205  
34    597   001001010010100100101001001#0100101 14    1 0  363    204  
35    576   00100101001010010010100100101001010 27    1 1  661    203  
36    521   00100101001010010010100100101001010 48    1 0  178    202  
37    135   00100101001010010010100100101001010 103   0 0  476    201  
38    679   00100101001010010010100100101001010 101   2 1  774    200  
39    279   00100101001010010010100100101001010 103   0 0  296    199  
40    432   00100101001010010010100100101001010 103   1 1  594    198  
41    46    00100101001010010010100100101001010 192   0 0  111    197  
42    190   00100101001010010010100100101001010 190   0 0  409    196  
43    734   00100101001010010010100100101001010 46    2 1  707    195  
44    334   00100101001010010010100100101001010 48    0 0  226    194  
45    542   00100101001010010010100100101001010 48    1 1  524    193  
46    487   00100101001010010010100100101001010 82    1 0  41     192  
47    101   00100101001010010010100100101001010 137   0 0  338    191  
48    645   00100101001010010010100100101001010 135   2 1  636    190  
49    245   00100101001010010010100100101001010 137   0 0  153    189  
50    398   00100101001010010010100100101001010 137   1 0  451    188  
51    12    00100101001010010010100100101001010 226   0 1  749    187  
52    156   00100101001010010010100100101001010 224   0 0  270    186  
53    700   00100101001010010010100100101001010 80    2 1  568    185  
54    300   00100101001010010010100100101001010 82    0 0  85     184  
55    453   00100101001010010010100100101001010 82    1 0  383    183  
56    67    00100101001010010010100100101001010 171   0 1  681    182  
57    211   00100101001010010010100100101001010 169   0 0  200    181  
58    755   001001010010100100101001010         25    2 1  498    180  
59    355   001001010010100100101001010$0100101 27    0 0  15     179  
60    563   00100101001010010010100101001001010 27    1 0  311    178  
61    508   00100101001010010010100101001001010 61    1 1  609    177  
62    122   00100101001010010010100101001001010 116   0 0  126    176  
63    666   00100101001010010010100101001001010 114   2 0  424    175  
64    266   00100101001010010010100101001001010 116   0 1  722    174  
65    419   00100101001010010010100101001001010 116   1 0  241    173  
66    33    00100101001010010010100101001001010 205   0 1  539    172  
67    177   00100101001010010010100101001001010 203   0 0  56     171  
68    721   00100101001010010010100101001001010 59    2 0  353    170  
69    321   00100101001010010010100101001001010 61    0 1  651    169  
70    474   00100101001010010010100101001001010 61    1 0  168    168  
71    88    00100101001010010010100101001001010 150   0 0  466    167  
72    632   00100101001010010010100101001001010 148   2 1  764    166  
73    232   00100101001010010010100101001001010 150   0 0  285    165  
74    776   001010                              4     2 1  583    164  
75    376   001010$0100101001001010010010100101 6     0 0  100    163  
76    613   00101001001#01001010010010100101001 6     1 0  398    162  
77    605   0010100100101001001#010010100100101 11    1 1  696    161  
78    584   00101001001010010010100101001001010 19    1 0  215    160  
79    529   00101001001010010010100101001001010 40    1 1  513    159  
80    385   00101001001010010010100101001001010 95    1 0  30     158  
81    143   00101001001010010010100101001001010 237   0 0  326    157  
82    687   00101001001010010010100101001001010 93    2 1  624    156  
83    287   00101001001010010010100101001001010 95    0 0  141    155  
84    440   00101001001010010010100101001001010 95    1 0  439    154  
85    54    00101001001010010010100101001001010 184   0 1  737    153  
86    198   00101001001010010010100101001001010 182   0 0  256    152  
87    742   00101001001010010010100101001001010 38    2 1  554    151  
88    342   00101001001010010010100101001001010 40    0 0  71     150  
89    550   00101001001010010010100101001001010 40    1 0  368    149  
90    495   00101001001010010010100101001001010 74    1 1  666    148  
91    109   00101001001010010010100101001001010 129   0 0  183    147  
92    653   00101001001010010010100101001001010 127   2 0  481    146  
93    253   00101001001010010010100101001001010 129   0 1  779    145  
94    406   00101001001010010010100101001001010 129   1 0  302    144  
95    20    00101001001010010010100101001001010 218   0 1  600    143  
96    164   00101001001010010010100101001001010 216   0 0  117    142  
97    708   00101001001010010010100101001001010 72    2 0  415    141  
98    308   00101001001010010010100101001001010 74    0 1  713    140  
99    461   00101001001010010010100101001001010 74    1 0  232    139  
100   75    00101001001010010010100101001001010 163   0 1  530    138  
101   219   00101001001010010010100101001001010 161   0 0  47     137  
102   763   0010100100101001010                 17    2 0  344    136  
103   363   0010100100101001010$010010100100101 19    0 1  642    135  
104   592   00101001001010010100100101001001#01 19    1 0  159    134  
105   571   00101001001010010100100101001001010 32    1 0  457    133  
106   516   00101001001010010100100101001001010 53    1 1  755    132  
107   130   00101001001010010100100101001001010 108   0 0  276    131  
108   674   00101001001010010100100101001001010 106   2 1  574    130  
109   274   00101001001010010100100101001001010 108   0 0  91     129  
110   427   00101001001010010100100101001001010 108   1 0  389    128  
111   41    00101001001010010100100101001001010 197   0 1  687    127  
112   185   00101001001010010100100101001001010 195   0 0  206    126  
113   729   00101001001010010100100101001001010 51    2 1  504    125  
114   329   00101001001010010100100101001001010 53    0 0  21     124  
115   537   00101001001010010100100101001001010 53    1 0  317    123  
116   482   00101001001010010100100101001001010 87    1 1  615    122  
117   96    00101001001010010100100101001001010 142   0 0  132    121  
118   640   00101001001010010100100101001001010 140   2 0  430    120  
119   240   00101001001010010100100101001001010 142   0 1  728    119  
120   393   00101001001010010100100101001001010 142   1 0  247    118  
121   7     00101001001010010100100101001001010 231   0 1  545    117  
122   151   00101001001010010100100101001001010 229   0 0  62     116  
123   695   00101001001010010100100101001001010 85    2 0  359    115  
124   295   00101001001010010100100101001001010 87    0 1  657    114  
125   448   00101001001010010100100101001001010 87    1 0  174    113  
126   62    00101001001010010100100101001001010 176   0 0  472    112  
127   206   00101001001010010100100101001001010 174   0 1  770    111  
128   750   00101001001010010100100101001010    30    2 0  292    110  
129   350   00101001001010010100100101001010$01 32    0 1  590    109  
130   558   00101001001010010100100101001010010 32    1 0  107    108  
131   503   00101001001010010100100101001010010 66    1 0  405    107  
132   117   00101001001010010100100101001010010 121   0 1  703    106  
133   661   00101001001010010100100101001010010 119   2 0  222    105  
134   261   00101001001010010100100101001010010 121   0 1  520    104  
135   414   00101001001010010100100101001010010 121   1 0  37     103  
136   28    00101001001010010100100101001010010 210   0 0  334    102  
137   172   00101001001010010100100101001010010 208   0 1  632    101  
138   716   00101001001010010100100101001010010 64    2 0  149    100  
139   316   00101001001010010100100101001010010 66    0 0  447    99   
140   469   00101001001010010100100101001010010 66    1 1  745    98   
141   83    00101001001010010100100101001010010 155   0 0  266    239  
142   627   00101001001010010100100101001010010 153   2 1  564    238  
143   227   00101001001010010100100101001010010 155   0 0  81     237  
144   771   00101001010                         9     2 0  379    236  
145   371   00101001010$01001010010010100100101 11    0 1  677    235  
146   600   001010010100100101001001#0100101001 11    1 0  196    234  
147   579   00101001010010010100100101001010010 24    1 1  494    233  
148   524   00101001010010010100100101001010010 45    1 0  11     232  
149   138   00101001010010010100100101001010010 100   0 0  307    231  
150   682   00101001010010010100100101001010010 98    2 1  605    230  
151   282   00101001010010010100100101001010010 100   0 0  122    229  
152   435   00101001010010010100100101001010010 100   1 0  420    228  
153   49    00101001010010010100100101001010010 189   0 1  718    227  
154   193   00101001010010010100100101001010010 187   0 0  237    226  
155   737   00101001010010010100100101001010010 43    2 1  535    225  
156   337   00101001010010010100100101001010010 45    0 0  52     224  
157   545   00101001010010010100100101001010010 45    1 0  349    223  
158   490   00101001010010010100100101001010010 79    1 1  647    222  
159   104   00101001010010010100100101001010010 134   0 0  164    221  
160   648   00101001010010010100100101001010010 132   2 0  462    220  
161   248   00101001010010010100100101001010010 134   0 1  760    219  
162   401   00101001010010010100100101001010010 134   1 0  281    218  
163   15    00101001010010010100100101001010010 223   0 1  579    217  
164   159   00101001010010010100100101001010010 221   0 0  96     216  
165   703   00101001010010010100100101001010010 77    2 0  394    215  
166   303   00101001010010010100100101001010010 79    0 1  692    214  
167   456   00101001010010010100100101001010010 79    1 0  211    213  
168   70    00101001010010010100100101001010010 168   0 1  509    212  
169   214   00101001010010010100100101001010010 166   0 0  26     211  
170   758   001010010100100101001010            22    2 0  322    210  
171   358   001010010100100101001010$0100101001 24    0 1  620    209  
172   566   00101001010010010100101001001010010 24    1 0  137    208  
173   511   00101001010010010100101001001010010 58    1 0  435    207  
174   125   00101001010010010100101001001010010 113   0 1  733    206  
175   669   00101001010010010100101001001010010 111   2 0  252    205  
176   269   00101001010010010100101001001010010 113   0 1  550    204  
177   422   00101001010010010100101001001010010 113   1 0  67     203  
178   36    00101001010010010100101001001010010 202   0 0  364    202  
179   180   00101001010010010100101001001010010 200   0 1  662    201  
180   724   00101001010010010100101001001010010 56    2 0  179    200  
181   324   00101001010010010100101001001010010 58    0 0  477    199  
182   477   00101001010010010100101001001010010 58    1 1  775    198  
183   91    00101001010010010100101001001010010 147   0 0  297    197  
184   635   00101001010010010100101001001010010 145   2 1  595    196  
185   235   00101001010010010100101001001010010 147   0 0  112    195  
186   2     00101001010010010100101001001010010 147   0 0  410    194  
187   622   01#01001010010010100101001001010010 1     1 1  708    193  
188   779   010                                 2     2 0  227    192  
189   379   010$0100101001001010010010100101001 3     0 1  525    191  
190   619   01001#01001010010010100101001001010 3     1 0  42     190  
191   616   01001001#01001010010010100101001001 5     1 0  339    189  
192   608   0100100101001001#010010100100101001 8     1 1  637    188  
193   587   01001001010010010100101001001010010 16    1 0  154    187  
194   532   01001001010010010100101001001010010 37    1 0  452    186  
195   388   01001001010010010100101001001010010 92    1 1  750    185  
196   146   01001001010010010100101001001010010 234   0 0  271    184  
197   690   01001001010010010100101001001010010 90    2 1  569    183  
198   290   01001001010010010100101001001010010 92    0 0  86     182  
199   443   01001001010010010100101001001010010 92    1 0  384    181  
200   57    01001001010010010100101001001010010 181   0 1  682    180  
201   201   01001001010010010100101001001010010 179   0 0  201    179  
202   745   01001001010010010100101001001010010 35    2 1  499    178  
203   345   01001001010010010100101001001010010 37    0 0  16     177  
204   553   01001001010010010100101001001010010 37    1 0  312    176  
205   498   01001001010010010100101001001010010 71    1 1  610    175  
206   112   01001001010010010100101001001010010 126   0 0  127    174  
207   656   01001001010010010100101001001010010 124   2 0  425    173  
208   256   01001001010010010100101001001010010 126   0 1  723    172  
209   409   01001001010010010100101001001010010 126   1 0  242    171  
210   23    01001001010010010100101001001010010 215   0 1  540    170  
211   167   01001001010010010100101001001010010 213   0 0  57     169  
212   711   01001001010010010100101001001010010 69    2 0  354    168  
213   311   01001001010010010100101001001010010 71    0 1  652    167  
214   464   01001001010010010100101001001010010 71    1 0  169    166  
215   78    01001001010010010100101001001010010 160   0 0  467    165  
216   222   01001001010010010100101001001010010 158   0 1  765    164  
217   766   0100100101001010                    14    2 0  286    163  
218   366   0100100101001010$010010100100101001 16    0 1  584    162  
219   595   01001001010010100100101001001#01001 16    1 0  101    161  
220   574   01001001010010100100101001001010010 29    1 0  399    160  
221   519   01001001010010100100101001001010010 50    1 1  697    159  
222   133   01001001010010100100101001001010010 105   0 0  216    158  
223   677   01001001010010100100101001001010010 103   2 1  514    157  
224   277   01001001010010100100101001001010010 105   0 0  31     156  
225   430   01001001010010100100101001001010010 105   1 0  328    157  
226   44    01001001010010100100101001001010010 194   0 1  626    156  
227   188   01001001010010100100101001001010010 192   0 0  143    155  
228   732   01001001010010100100101001001010010 48    2 0  441    154  
229   332   01001001010010100100101001001010010 50    0 1  739    153  
230   540   01001001010010100100101001001010010 50    1 0  258    152  
231   485   01001001010010100100101001001010010 84    1 1  556    151  
232   99    01001001010010100100101001001010010 139   0 0  73     150  
233   643   01001001010010100100101001001010010 137   2 0  370    149  
234   243   01001001010010100100101001001010010 139   0 1  668    148  
235   396   01001001010010100100101001001010010 139   1 0  185    147  
236   10    01001001010010100100101001001010010 228   0 0  483    146  
237   154   01001001010010100100101001001010010 226   0 1  781    145  
238   698   01001001010010100100101001001010010 82    2 0  304    144  
239   298   01001001010010100100101001001010010 84    0 1  602    143  
240   451   01001001010010100100101001001010010 84    1 0  119    142  
241   65    01001001010010100100101001001010010 173   0 0  417    141  
242   209   01001001010010100100101001001010010 171   0 1  715    140  
243   753   01001001010010100100101001010       27    2 0  234    139  
244   353   01001001010010100100101001010$01001 29    0 1  532    138  
245   561   01001001010010100100101001010010010 29    1 0  49     137  
246   506   01001001010010100100101001010010010 63    1 0  346    136  
247   120   01001001010010100100101001010010010 118   0 1  644    135  
248   664   01001001010010100100101001010010010 116   2 0  161    134  
249   264   01001001010010100100101001010010010 118   0 0  459    133  
250   417   01001001010010100100101001010010010 118   1 1  757    132  
251   31    01001001010010100100101001010010010 207   0 0  278    131  
252   175   01001001010010100100101001010010010 205   0 1  576    130  
253   719   01001001010010100100101001010010010 61    2 0  93     129  
254   319   01001001010010100100101001010010010 63    0 0  391    128  
255   472   01001001010010100100101001010010010 63    1 1  689    127  
256   86    01001001010010100100101001010010010 152   0 0  208    126  
257   630   01001001010010100100101001010010010 150   2 1  506    125  
258   230   01001001010010100100101001010010010 152   0 0  23     124  
259   774   01001010                            6     2 0  319    123  
260   374   01001010$01001010010010100100101001 8     0 1  617    122  
261   611   0100101001001#010010100100101001010 8     1 0  134    121  
262   603   010010100100101001001#0100101001001 13    1 0  432    120  
263   582   01001010010010100100101001010010010 21    1 1  730    119  
264   527   01001010010010100100101001010010010 42    1 0  249    118  
265   383   01001010010010100100101001010010010 97    1 1  547    117  
266   141   01001010010010100100101001010010010 239   0 0  64     116  
267   685   01001010010010100100101001010010010 95    2 0  361    115  
268   285   01001010010010100100101001010010010 97    0 1  659    114  
269   438   01001010010010100100101001010010010 97    1 0  176    113  
270   52    01001010010010100100101001010010010 186   0 0  474    112  
271   196   01001010010010100100101001010010010 184   0 1  772    111  
272   740   01001010010010100100101001010010010 40    2 0  294    110  
273   340   01001010010010100100101001010010010 42    0 1  592    109  
274   548   01001010010010100100101001010010010 42    1 0  109    108  
275   493   01001010010010100100101001010010010 76    1 0  407    107  
276   107   01001010010010100100101001010010010 131   0 1  705    106  
277   651   01001010010010100100101001010010010 129   2 0  224    105  
278   251   01001010010010100100101001010010010 131   0 1  522    104  
279   404   01001010010010100100101001010010010 131   1 0  39     103  
280   18    01001010010010100100101001010010010 220   0 0  336    102  
281   162   01001010010010100100101001010010010 218   0 1  634    101  
282   706   01001010010010100100101001010010010 74    2 0  151    100  
283   306   01001010010010100100101001010010010 76    0 0  449    99   
284   459   01001010010010100100101001010010010 76    1 1  747    98   
285   73    01001010010010100100101001010010010 165   0 0  268    97   
286   217   01001010010010100100101001010010010 163   0 1  566    96   
287   761   010010100100101001010               19    2 0  83     95   
288   361   010010100100101001010$0100101001001 21    0 0  381    94   
289   590   0100101001001010010100100101001001# 21    1 1  679    93   
290   569   01001010010010100101001001010010010 34    1 0  198    92   
291   514   01001010010010100101001001010010010 55    1 1  496    91   
292   128   01001010010010100101001001010010010 110   0 0  13     90   
293   672   01001010010010100101001001010010010 108   2 0  309    89   
294   272   01001010010010100101001001010010010 110   0 1  607    88   
295   425   01001010010010100101001001010010010 110   1 0  124    87   
296   39    01001010010010100101001001010010010 199   0 0  422    86   
297   183   01001010010010100101001001010010010 197   0 1  720    85   
298   727   01001010010010100101001001010010010 53    2 0  239    84   
299   327   01001010010010100101001001010010010 55    0 1  537    83   
300   535   01001010010010100101001001010010010 55    1 0  54     82   
301   480   01001010010010100101001001010010010 89    1 0  351    81   
302   94    01001010010010100101001001010010010 144   0 1  649    80   
303   638   01001010010010100101001001010010010 142   2 0  166    79   
304   238   01001010010010100101001001010010010 144   0 0  464    78   
305   391   01001010010010100101001001010010010 144   1 1  762    77   
306   5     01001010010010100101001001010010010 233   0 0  283    76   
307   149   01001010010010100101001001010010010 231   0 1  581    75   
308   693   01001010010010100101001001010010010 87    2 0  98     74   
309   293   01001010010010100101001001010010010 89    0 0  396    73   
310   446   01001010010010100101001001010010010 89    1 1  694    72   
311   60    01001010010010100101001001010010010 178   0 0  213    71   
312   204   01001010010010100101001001010010010 176   0 1  511    70   
313   748   0100101001001010010100100101001010  32    2 0  28     69   
314   348   0100101001001010010100100101001010$ 34    0 0  324    68   
315   556   01001010010010100101001001010010100 34    1 1  622    67   
316   501   01001010010010100101001001010010100 68    1 0  139    66   
317   115   01001010010010100101001001010010100 123   0 0  437    65   
318   659   01001010010010100101001001010010100 121   2 1  735    64   
319   259   01001010010010100101001001010010100 123   0 0  254    63   
320   412   01001010010010100101001001010010100 123   1 1  552    62   
321   26    01001010010010100101001001010010100 212   0 0  69     61   
322   170   01001010010010100101001001010010100 210   0 0  366    60   
323   714   01001010010010100101001001010010100 66    2 1  664    59   
324   314   01001010010010100101001001010010100 68    0 0  181    58   
325   467   01001010010010100101001001010010100 68    1 0  479    57   
326   81    01001010010010100101001001010010100 157   0 1  777    56   
327   625   01001010010010100101001001010010100 155   2 0  299    55   
328   225   01001010010010100101001001010010100 157   0 1  597    54   
329   769   0100101001010                       11    2 0  114    53   
330   369   0100101001010$010010100100101001001 13    0 0  412    52   
331   598   01001010010100100101001001#01001010 13    1 1  710    51   
332   577   01001010010100100101001001010010100 26    1 0  229    50   
333   522   01001010010100100101001001010010100 47    1 1  527    49   
334   136   01001010010100100101001001010010100 102   0 0  44     48   
335   680   01001010010100100101001001010010100 100   2 0  341    47   
336   280   01001010010100100101001001010010100 102   0 1  639    46   
337   433   01001010010100100101001001010010100 102   1 0  156    45   
338   47    01001010010100100101001001010010100 191   0 0  454    44   
339   191   01001010010100100101001001010010100 189   0 1  752    43   
340   735   01001010010100100101001001010010100 45    2 0  273    42   
341   335   01001010010100100101001001010010100 47    0 1  571    41   
342   543   01001010010100100101001001010010100 47    1 0  88     40   
343   488   01001010010100100101001001010010100 81    1 0  386    39   
344   102   01001010010100100101001001010010100 136   0 1  684    38   
345   646   01001010010100100101001001010010100 134   2 0  203    37   
346   246   01001010010100100101001001010010100 136   0 1  501    36   
347   399   01001010010100100101001001010010100 136   1 0  18     35   
348   13    01001010010100100101001001010010100 225   0 0  314    34   
349   157   01001010010100100101001001010010100 223   0 1  612    33   
350   701   01001010010100100101001001010010100 79    2 0  129    32   
351   301   01001010010100100101001001010010100 81    0 0  427    31   
352   454   01001010010100100101001001010010100 81    1 1  725    30   
353   68    01001010010100100101001001010010100 170   0 0  244    29   
354   212   01001010010100100101001001010010100 168   0 1  542    28   
355   756   01001010010100100101001010          24    2 0  59     27   
356   356   01001010010100100101001010$01001010 26    0 0  356    26   
357   564   01001010010100100101001010010010100 26    1 1  654    25   
358   509   01001010010100100101001010010010100 60    1 0  171    24   
359   123   01001010010100100101001010010010100 115   0 0  469    23   
360   667   01001010010100100101001010010010100 113   2 1  767    22   
361   267   01001010010100100101001010010010100 115   0 0  288    21   
362   420   01001010010100100101001010010010100 115   1 1  586    20   
363   34    01001010010100100101001010010010100 204   0 0  103    19   
364   178   01001010010100100101001010010010100 202   0 0  401    18   
365   722   01001010010100100101001010010010100 58    2 1  699    17   
366   322   01001010010100100101001010010010100 60    0 0  218    16   
367   475   01001010010100100101001010010010100 60    1 1  516    15   
368   89    01001010010100100101001010010010100 149   0 0  33     14   
369   633   01001010010100100101001010010010100 147   2 0  330    13   
370   233   01001010010100100101001010010010100 149   0 1  628    12   
371   0     01001010010100100101001010010010100 149   0 0  145    11   
372   777   01010                               3     2 0  443    10   
373   377   01010$01001010010010100100101001010 5     0 1  741    9    
374   614   0101001001#010010100100101001010010 5     1 0  260    8    
375   606   010100100101001001#0100101001001010 10    1 1  558    7    
376   585   01010010010100100101001010010010100 18    1 0  75     6    
377   530   01010010010100100101001010010010100 39    1 0  373    5    
378   386   01010010010100100101001010010010100 94    1 1  671    4    
379   144   01010010010100100101001010010010100 236   0 0  189    3    
380   688   01010010010100100101001010010010100 92    2 1  487    2    
381   288   01010010010100100101001010010010100 94    0 0  4      1    
382   441   01010010010100100101001010010010100 94    1 $  2      0    
383   55    01010010010100100101001010010010100 183   0 0  265    97   
384   199   01010010010100100101001010010010100 181   0 1  563    96   
385   743   01010010010100100101001010010010100 37    2 0  80     95   
386   343   01010010010100100101001010010010100 39    0 0  378    94   
387   551   01010010010100100101001010010010100 39    1 1  676    93   
388   496   01010010010100100101001010010010100 73    1 0  195    92   
389   110   01010010010100100101001010010010100 128   0 1  493    91   
390   654   01010010010100100101001010010010100 126   2 0  10     90   
391   254   01010010010100100101001010010010100 128   0 0  305    144  
392   407   01010010010100100101001010010010100 128   1 1  603    143  
393   21    01010010010100100101001010010010100 217   0 0  120    142  
394   165   01010010010100100101001010010010100 215   0 0  418    141  
395   709   01010010010100100101001010010010100 71    2 1  716    140  
396   309   01010010010100100101001010010010100 73    0 0  235    139  
397   462   01010010010100100101001010010010100 73    1 1  533    138  
398   76    01010010010100100101001010010010100 162   0 0  50     137  
399   220   01010010010100100101001010010010100 160   0 0  347    136  
400   764   010100100101001010                  16    2 1  645    135  
401   364   010100100101001010$0100101001001010 18    0 0  162    134  
402   593   0101001001010010100100101001001#010 18    1 0  460    133  
403   572   01010010010100101001001010010010100 31    1 1  758    132  
404   517   01010010010100101001001010010010100 52    1 0  279    131  
405   131   01010010010100101001001010010010100 107   0 1  577    130  
406   675   01010010010100101001001010010010100 105   2 0  94     129  
407   275   01010010010100101001001010010010100 107   0 0  392    128  
408   428   01010010010100101001001010010010100 107   1 1  690    127  
409   42    01010010010100101001001010010010100 196   0 0  209    126  
410   186   01010010010100101001001010010010100 194   0 1  507    125  
411   730   01010010010100101001001010010010100 50    2 0  24     124  
412   330   01010010010100101001001010010010100 52    0 0  320    123  
413   538   01010010010100101001001010010010100 52    1 1  618    122  
414   483   01010010010100101001001010010010100 86    1 0  135    121  
415   97    01010010010100101001001010010010100 141   0 0  433    120  
416   641   01010010010100101001001010010010100 139   2 1  731    119  
417   241   01010010010100101001001010010010100 141   0 0  250    118  
418   394   01010010010100101001001010010010100 141   1 1  548    117  
419   8     01010010010100101001001010010010100 230   0 0  65     116  
420   152   01010010010100101001001010010010100 228   0 0  362    115  
421   696   01010010010100101001001010010010100 84    2 1  660    114  
422   296   01010010010100101001001010010010100 86    0 0  177    113  
423   449   01010010010100101001001010010010100 86    1 0  475    112  
424   63    01010010010100101001001010010010100 175   0 1  773    111  
425   207   01010010010100101001001010010010100 173   0 0  295    110  
426   751   0101001001010010100100101001010     29    2 1  593    109  
427   351   0101001001010010100100101001010$010 31    0 0  110    108  
428   559   01010010010100101001001010010100100 31    1 0  408    107  
429   504   01010010010100101001001010010100100 65    1 1  706    106  
430   118   01010010010100101001001010010100100 120   0 0  225    105  
431   662   01010010010100101001001010010100100 118   2 1  523    104  
432   262   01010010010100101001001010010100100 120   0 0  40     103  
433   415   01010010010100101001001010010100100 120   1 0  337    102  
434   29    01010010010100101001001010010100100 209   0 1  635    101  
435   173   01010010010100101001001010010100100 207   0 0  152    100  
436   717   01010010010100101001001010010100100 63    2 0  450    99   
437   317   01010010010100101001001010010100100 65    0 1  748    98   
438   470   01010010010100101001001010010100100 65    1 0  269    97   
439   84    01010010010100101001001010010100100 154   0 1  567    96   
440   628   01010010010100101001001010010100100 152   2 0  84     95   
441   228   01010010010100101001001010010100100 154   0 0  382    94   
442   772   0101001010                          8     2 1  680    93   
443   372   0101001010$010010100100101001001010 10    0 0  199    92   
444   601   01010010100100101001001#01001010010 10    1 1  497    91   
445   580   01010010100100101001001010010100100 23    1 0  14     90   
446   525   01010010100100101001001010010100100 44    1 0  310    89   
447   139   01010010100100101001001010010100100 99    0 1  608    88   
448   683   01010010100100101001001010010100100 97    2 0  125    87   
449   283   01010010100100101001001010010100100 99    0 0  423    86   
450   436   01010010100100101001001010010100100 99    1 1  721    85   
451   50    01010010100100101001001010010100100 188   0 0  240    84   
452   194   01010010100100101001001010010100100 186   0 1  538    83   
453   738   01010010100100101001001010010100100 42    2 0  55     82   
454   338   01010010100100101001001010010100100 44    0 0  352    81   
455   546   01010010100100101001001010010100100 44    1 1  650    80   
456   491   01010010100100101001001010010100100 78    1 0  167    79   
457   105   01010010100100101001001010010100100 133   0 0  465    78   
458   649   01010010100100101001001010010100100 131   2 1  763    77   
459   249   01010010100100101001001010010100100 133   0 0  284    76   
460   402   01010010100100101001001010010100100 133   1 1  582    75   
461   16    01010010100100101001001010010100100 222   0 0  99     74   
462   160   01010010100100101001001010010100100 220   0 0  397    73   
463   704   01010010100100101001001010010100100 76    2 1  695    72   
464   304   01010010100100101001001010010100100 78    0 0  214    71   
465   457   01010010100100101001001010010100100 78    1 1  512    70   
466   71    01010010100100101001001010010100100 167   0 0  29     69   
467   215   01010010100100101001001010010100100 165   0 0  325    68   
468   759   01010010100100101001010             21    2 1  623    67   
469   359   01010010100100101001010$01001010010 23    0 0  140    66   
470   567   01010010100100101001010010010100100 23    1 0  438    65   
471   512   01010010100100101001010010010100100 57    1 1  736    64   
472   126   01010010100100101001010010010100100 112   0 0  255    63   
473   670   01010010100100101001010010010100100 110   2 1  553    62   
474   270   01010010100100101001010010010100100 112   0 0  70     61   
475   423   01010010100100101001010010010100100 112   1 0  367    60   
476   37    01010010100100101001010010010100100 201   0 1  665    59   
477   181   01010010100100101001010010010100100 199   0 0  182    58   
478   725   01010010100100101001010010010100100 55    2 0  480    57   
479   325   01010010100100101001010010010100100 57    0 1  778    56   
480   478   01010010100100101001010010010100100 57    1 0  301    89   
481   92    01010010100100101001010010010100100 146   0 1  599    88   
482   636   01010010100100101001010010010100100 144   2 0  116    87   
483   236   01010010100100101001010010010100100 146   0 0  414    86   
484   3     01010010100100101001010010010100100 146   0 1  712    85   
485   623   1#010010100100101001010010010100101 0     1 0  231    84   
486   780   10                                  1     2 1  529    83   
487   380   10$01001010010010100100101001010010 2     0 0  46     82   
488   620   1001#010010100100101001010010010100 2     1 0  343    81   
489   617   1001001#010010100100101001010010010 4     1 1  641    80   
490   609   100100101001001#0100101001001010010 7     1 0  158    79   
491   588   10010010100100101001010010010100100 15    1 0  456    78   
492   533   10010010100100101001010010010100100 36    1 1  754    77   
493   389   10010010100100101001010010010100100 91    1 0  275    76   
494   147   10010010100100101001010010010100100 233   0 1  573    75   
495   691   10010010100100101001010010010100100 89    2 0  90     74   
496   291   10010010100100101001010010010100100 91    0 0  388    73   
497   444   10010010100100101001010010010100100 91    1 1  686    72   
498   58    10010010100100101001010010010100100 180   0 0  205    71   
499   202   10010010100100101001010010010100100 178   0 1  503    70   
500   746   10010010100100101001010010010100101 34    2 0  20     69   
501   346   10010010100100101001010010010100101 36    0 0  316    68   
502   554   10010010100100101001010010010100101 36    1 1  614    67   
503   499   10010010100100101001010010010100101 70    1 0  131    66   
504   113   10010010100100101001010010010100101 125   0 0  429    65   
505   657   10010010100100101001010010010100101 123   2 1  727    64   
506   257   10010010100100101001010010010100101 125   0 0  246    63   
507   410   10010010100100101001010010010100101 125   1 1  544    62   
508   24    10010010100100101001010010010100101 214   0 0  61     61   
509   168   10010010100100101001010010010100101 212   0 0  358    60   
510   712   10010010100100101001010010010100101 68    2 1  656    59   
511   312   10010010100100101001010010010100101 70    0 0  173    58   
512   465   10010010100100101001010010010100101 70    1 0  471    57   
513   79    10010010100100101001010010010100101 159   0 1  769    56   
514   223   10010010100100101001010010010100101 157   0 0  291    55   
515   767   100100101001010                     13    2 1  589    54   
516   367   100100101001010$0100101001001010010 15    0 0  106    53   
517   596   1001001010010100100101001001#010010 15    1 0  404    52   
518   575   10010010100101001001010010010100101 28    1 1  702    51   
519   520   10010010100101001001010010010100101 49    1 0  221    50   
520   134   10010010100101001001010010010100101 104   0 1  519    49   
521   678   10010010100101001001010010010100101 102   2 0  36     48   
522   278   10010010100101001001010010010100101 104   0 0  333    47   
523   431   10010010100101001001010010010100101 104   1 1  631    46   
524   45    10010010100101001001010010010100101 193   0 0  148    45   
525   189   10010010100101001001010010010100101 191   0 0  446    44   
526   733   10010010100101001001010010010100101 47    2 1  744    43   
527   333   10010010100101001001010010010100101 49    0 0  264    42   
528   541   10010010100101001001010010010100101 49    1 1  562    41   
529   486   10010010100101001001010010010100101 83    1 0  79     40   
530   100   10010010100101001001010010010100101 138   0 0  377    39   
531   644   10010010100101001001010010010100101 136   2 1  675    38   
532   244   10010010100101001001010010010100101 138   0 0  194    37   
533   397   10010010100101001001010010010100101 138   1 1  492    36   
534   11    10010010100101001001010010010100101 227   0 0  9      35   
535   155   10010010100101001001010010010100101 225   0 0  300    55   
536   699   10010010100101001001010010010100101 81    2 1  598    54   
537   299   10010010100101001001010010010100101 83    0 0  115    53   
538   452   10010010100101001001010010010100101 83    1 0  413    52   
539   66    10010010100101001001010010010100101 172   0 1  711    51   
540   210   10010010100101001001010010010100101 170   0 0  230    50   
541   754   1001001010010100100101001010        26    2 1  528    49   
542   354   1001001010010100100101001010$010010 28    0 0  45     48   
543   562   10010010100101001001010010100100101 28    1 0  342    47   
544   507   10010010100101001001010010100100101 62    1 1  640    46   
545   121   10010010100101001001010010100100101 117   0 0  157    45   
546   665   10010010100101001001010010100100101 115   2 0  455    44   
547   265   10010010100101001001010010100100101 117   0 1  753    43   
548   418   10010010100101001001010010100100101 117   1 0  274    42   
549   32    10010010100101001001010010100100101 206   0 1  572    41   
550   176   10010010100101001001010010100100101 204   0 0  89     40   
551   720   10010010100101001001010010100100101 60    2 0  387    39   
552   320   10010010100101001001010010100100101 62    0 1  685    38   
553   473   10010010100101001001010010100100101 62    1 0  204    37   
554   87    10010010100101001001010010100100101 151   0 1  502    36   
555   631   10010010100101001001010010100100101 149   2 0  19     35   
556   231   10010010100101001001010010100100101 151   0 0  315    34   
557   775   1001010                             5     2 1  613    33   
558   375   1001010$010010100100101001001010010 7     0 0  130    32   
559   612   100101001001#0100101001001010010100 7     1 0  428    31   
560   604   10010100100101001001#01001010010010 12    1 1  726    30   
561   583   10010100100101001001010010100100101 20    1 0  245    29   
562   528   10010100100101001001010010100100101 41    1 1  543    28   
563   384   10010100100101001001010010100100101 96    1 0  60     27   
564   142   10010100100101001001010010100100101 238   0 0  357    26   
565   686   10010100100101001001010010100100101 94    2 1  655    25   
566   286   10010100100101001001010010100100101 96    0 0  172    24   
567   439   10010100100101001001010010100100101 96    1 0  470    23   
568   53    10010100100101001001010010100100101 185   0 1  768    22   
569   197   10010100100101001001010010100100101 183   0 0  290    34   
570   741   10010100100101001001010010100100101 39    2 1  588    33   
571   341   10010100100101001001010010100100101 41    0 0  105    32   
572   549   10010100100101001001010010100100101 41    1 0  403    31   
573   494   10010100100101001001010010100100101 75    1 1  701    30   
574   108   10010100100101001001010010100100101 130   0 0  220    29   
575   652   10010100100101001001010010100100101 128   2 1  518    28   
576   252   10010100100101001001010010100100101 130   0 0  35     27   
577   405   10010100100101001001010010100100101 130   1 0  332    26   
578   19    10010100100101001001010010100100101 219   0 1  630    25   
579   163   10010100100101001001010010100100101 217   0 0  147    24   
580   707   10010100100101001001010010100100101 73    2 0  445    23   
581   307   10010100100101001001010010100100101 75    0 1  743    22   
582   460   10010100100101001001010010100100101 75    1 0  263    21   
583   74    10010100100101001001010010100100101 164   0 1  561    20   
584   218   10010100100101001001010010100100101 162   0 0  78     19   
585   762   10010100100101001010                18    2 0  376    18   
586   362   10010100100101001010$01001010010010 20    0 1  674    17   
587   591   100101001001010010100100101001001#0 20    1 0  193    16   
588   570   10010100100101001010010010100100101 33    1 1  491    15   
589   515   10010100100101001010010010100100101 54    1 0  8      14   
590   129   10010100100101001010010010100100101 109   0 0  289    21   
591   673   10010100100101001010010010100100101 107   2 1  587    20   
592   273   10010100100101001010010010100100101 109   0 0  104    19   
593   426   10010100100101001010010010100100101 109   1 0  402    18   
594   40    10010100100101001010010010100100101 198   0 1  700    17   
595   184   10010100100101001010010010100100101 196   0 0  219    16   
596   728   10010100100101001010010010100100101 52    2 1  517    15   
597   328   10010100100101001010010010100100101 54    0 0  34     14   
598   536   10010100100101001010010010100100101 54    1 0  331    13   
599   481   10010100100101001010010010100100101 88    1 1  629    12   
600   95    10010100100101001010010010100100101 143   0 0  146    11   
601   639   10010100100101001010010010100100101 141   2 0  444    10   
602   239   10010100100101001010010010100100101 143   0 1  742    9    
603   392   10010100100101001010010010100100101 143   1 0  262    13   
604   6     10010100100101001010010010100100101 232   0 1  560    12   
605   150   10010100100101001010010010100100101 230   0 0  77     11   
606   694   10010100100101001010010010100100101 86    2 0  375    10   
607   294   10010100100101001010010010100100101 88    0 1  673    9    
608   447   10010100100101001010010010100100101 88    1 0  192    8    
609   61    10010100100101001010010010100100101 177   0 1  490    7    
610   205   10010100100101001010010010100100101 175   0 0  7      6    
611   749   100101001001010010100100101001010   31    2 0  261    8    
612   349   100101001001010010100100101001010$0 33    0 1  559    7    
613   557   10010100100101001010010010100101001 33    1 0  76     6    
614   502   10010100100101001010010010100101001 67    1 0  374    5    
615   116   10010100100101001010010010100101001 122   0 1  672    4    
616   660   10010100100101001010010010100101001 120   2 0  191    5    
617   260   10010100100101001010010010100101001 122   0 1  489    4    
618   413   10010100100101001010010010100101001 122   1 0  6      3    
619   27    10010100100101001010010010100101001 211   0 0  190    3    
620   171   10010100100101001010010010100101001 209   0 1  488    2    
621   715   10010100100101001010010010100101001 65    2 0  5      1    
622   315   10010100100101001010010010100101001 67    0 0  187    1    
623   468   10010100100101001010010010100101001 67    1 1  485    0    
624   82    10010100100101001010010010100101001 156   0 #  1      0    
625   626   10010100100101001010010010100101001 154   2 0  327    155  
626   226   10010100100101001010010010100101001 156   0 1  625    154  
627   770   100101001010                        10    2 0  142    153  
628   370   100101001010$0100101001001010010010 12    0 0  440    152  
629   599   1001010010100100101001001#010010100 12    1 1  738    151  
630   578   10010100101001001010010010100101001 25    1 0  257    150  
631   523   10010100101001001010010010100101001 46    1 1  555    149  
632   137   10010100101001001010010010100101001 101   0 0  72     148  
633   681   10010100101001001010010010100101001 99    2 0  369    147  
634   281   10010100101001001010010010100101001 101   0 1  667    146  
635   434   10010100101001001010010010100101001 101   1 0  184    145  
636   48    10010100101001001010010010100101001 190   0 0  482    144  
637   192   10010100101001001010010010100101001 188   0 1  780    143  
638   736   10010100101001001010010010100101001 44    2 0  303    142  
639   336   10010100101001001010010010100101001 46    0 1  601    141  
640   544   10010100101001001010010010100101001 46    1 0  118    140  
641   489   10010100101001001010010010100101001 80    1 0  416    139  
642   103   10010100101001001010010010100101001 135   0 1  714    138  
643   647   10010100101001001010010010100101001 133   2 0  233    137  
644   247   10010100101001001010010010100101001 135   0 1  531    136  
645   400   10010100101001001010010010100101001 135   1 0  48     135  
646   14    10010100101001001010010010100101001 224   0 0  345    134  
647   158   10010100101001001010010010100101001 222   0 1  643    133  
648   702   10010100101001001010010010100101001 78    2 0  160    132  
649   302   10010100101001001010010010100101001 80    0 0  458    131  
650   455   10010100101001001010010010100101001 80    1 1  756    130  
651   69    10010100101001001010010010100101001 169   0 0  277    129  
652   213   10010100101001001010010010100101001 167   0 1  575    128  
653   757   1001010010100100101001010           23    2 0  92     127  
654   357   1001010010100100101001010$010010100 25    0 0  390    126  
655   565   10010100101001001010010100100101001 25    1 1  688    125  
656   510   10010100101001001010010100100101001 59    1 0  207    124  
657   124   10010100101001001010010100100101001 114   0 1  505    123  
658   668   10010100101001001010010100100101001 112   2 0  22     122  
659   268   10010100101001001010010100100101001 114   0 0  318    121  
660   421   10010100101001001010010100100101001 114   1 1  616    120  
661   35    10010100101001001010010100100101001 203   0 0  133    119  
662   179   10010100101001001010010100100101001 201   0 0  431    118  
663   723   10010100101001001010010100100101001 57    2 1  729    117  
664   323   10010100101001001010010100100101001 59    0 0  248    116  
665   476   10010100101001001010010100100101001 59    1 1  546    115  
666   90    10010100101001001010010100100101001 148   0 0  63     114  
667   634   10010100101001001010010100100101001 146   2 0  360    113  
668   234   10010100101001001010010100100101001 148   0 1  658    112  
669   1     10010100101001001010010100100101001 148   0 0  175    111  
670   778   1010                                2     2 0  473    110  
671   378   1010$010010100100101001001010010100 4     0 1  771    109  
672   615   101001001#0100101001001010010100100 4     1 0  293    108  
673   607   10100100101001001#01001010010010100 9     1 1  591    107  
674   586   10100100101001001010010100100101001 17    1 0  108    106  
675   531   10100100101001001010010100100101001 38    1 0  406    105  
676   387   10100100101001001010010100100101001 93    1 1  704    104  
677   145   10100100101001001010010100100101001 235   0 0  223    103  
678   689   10100100101001001010010100100101001 91    2 1  521    102  
679   289   10100100101001001010010100100101001 93    0 0  38     101  
680   442   10100100101001001010010100100101001 93    1 0  335    100  
681   56    10100100101001001010010100100101001 182   0 1  633    99   
682   200   10100100101001001010010100100101001 180   0 0  150    98   
683   744   10100100101001001010010100100101001 36    2 0  448    97   
684   344   10100100101001001010010100100101001 38    0 1  746    96   
685   552   10100100101001001010010100100101001 38    1 0  267    95   
686   497   10100100101001001010010100100101001 72    1 1  565    94   
687   111   10100100101001001010010100100101001 127   0 0  82     93   
688   655   10100100101001001010010100100101001 125   2 0  380    92   
689   255   10100100101001001010010100100101001 127   0 1  678    91   
690   408   10100100101001001010010100100101001 127   1 0  197    90   
691   22    10100100101001001010010100100101001 216   0 1  495    89   
692   166   10100100101001001010010100100101001 214   0 0  12     88   
693   710   10100100101001001010010100100101001 70    2 0  308    87   
694   310   10100100101001001010010100100101001 72    0 1  606    86   
695   463   10100100101001001010010100100101001 72    1 0  123    85   
696   77    10100100101001001010010100100101001 161   0 0  421    84   
697   221   10100100101001001010010100100101001 159   0 1  719    83   
698   765   10100100101001010                   15    2 0  238    82   
699   365   10100100101001010$01001010010010100 17    0 1  536    81   
700   594   101001001010010100100101001001#0100 17    1 0  53     80   
701   573   10100100101001010010010100100101001 30    1 0  350    79   
702   518   10100100101001010010010100100101001 51    1 1  648    78   
703   132   10100100101001010010010100100101001 106   0 0  165    77   
704   676   10100100101001010010010100100101001 104   2 0  463    76   
705   276   10100100101001010010010100100101001 106   0 1  761    75   
706   429   10100100101001010010010100100101001 106   1 0  282    74   
707   43    10100100101001010010010100100101001 195   0 1  580    73   
708   187   10100100101001010010010100100101001 193   0 0  97     72   
709   731   10100100101001010010010100100101001 49    2 0  395    71   
710   331   10100100101001010010010100100101001 51    0 1  693    70   
711   539   10100100101001010010010100100101001 51    1 0  212    69   
712   484   10100100101001010010010100100101001 85    1 1  510    68   
713   98    10100100101001010010010100100101001 140   0 0  27     67   
714   642   10100100101001010010010100100101001 138   2 0  323    66   
715   242   10100100101001010010010100100101001 140   0 1  621    65   
716   395   10100100101001010010010100100101001 140   1 0  138    64   
717   9     10100100101001010010010100100101001 229   0 0  436    63   
718   153   10100100101001010010010100100101001 227   0 1  734    62   
719   697   10100100101001010010010100100101001 83    2 0  253    61   
720   297   10100100101001010010010100100101001 85    0 1  551    60   
721   450   10100100101001010010010100100101001 85    1 0  68     59   
722   64    10100100101001010010010100100101001 174   0 0  365    58   
723   208   10100100101001010010010100100101001 172   0 1  663    57   
724   752   101001001010010100100101001010      28    2 0  180    56   
725   352   101001001010010100100101001010$0100 30    0 0  478    55   
726   560   10100100101001010010010100101001001 30    1 1  776    54   
727   505   10100100101001010010010100101001001 64    1 0  298    53   
728   119   10100100101001010010010100101001001 119   0 1  596    52   
729   663   10100100101001010010010100101001001 117   2 0  113    51   
730   263   10100100101001010010010100101001001 119   0 0  411    50   
731   416   10100100101001010010010100101001001 119   1 1  709    49   
732   30    10100100101001010010010100101001001 208   0 0  228    48   
733   174   10100100101001010010010100101001001 206   0 1  526    47   
734   718   10100100101001010010010100101001001 62    2 0  43     46   
735   318   10100100101001010010010100101001001 64    0 0  340    45   
736   471   10100100101001010010010100101001001 64    1 1  638    44   
737   85    10100100101001010010010100101001001 153   0 0  155    43   
738   629   10100100101001010010010100101001001 151   2 0  453    42   
739   229   10100100101001010010010100101001001 153   0 1  751    41   
740   773   101001010                           7     2 0  272    40   
741   373   101001010$0100101001001010010010100 9     0 1  570    39   
742   602   1010010100100101001001#010010100100 9     1 0  87     38   
743   581   10100101001001010010010100101001001 22    1 0  385    37   
744   526   10100101001001010010010100101001001 43    1 1  683    36   
745   140   10100101001001010010010100101001001 98    0 0  202    35   
746   684   10100101001001010010010100101001001 96    2 1  500    34   
747   284   10100101001001010010010100101001001 98    0 0  17     33   
748   437   10100101001001010010010100101001001 98    1 0  313    32   
749   51    10100101001001010010010100101001001 187   0 1  611    31   
750   195   10100101001001010010010100101001001 185   0 0  128    30   
751   739   10100101001001010010010100101001001 41    2 0  426    29   
752   339   10100101001001010010010100101001001 43    0 1  724    28   
753   547   10100101001001010010010100101001001 43    1 0  243    27   
754   492   10100101001001010010010100101001001 77    1 1  541    26   
755   106   10100101001001010010010100101001001 132   0 0  58     25   
756   650   10100101001001010010010100101001001 130   2 0  355    24   
757   250   10100101001001010010010100101001001 132   0 1  653    23   
758   403   10100101001001010010010100101001001 132   1 0  170    22   
759   17    10100101001001010010010100101001001 221   0 0  468    21   
760   161   10100101001001010010010100101001001 219   0 1  766    20   
761   705   10100101001001010010010100101001001 75    2 0  287    19   
762   305   10100101001001010010010100101001001 77    0 1  585    18   
763   458   10100101001001010010010100101001001 77    1 0  102    17   
764   72    10100101001001010010010100101001001 166   0 0  400    16   
765   216   10100101001001010010010100101001001 164   0 1  698    15   
766   760   1010010100100101001010              20    2 0  217    14   
767   360   1010010100100101001010$010010100100 22    0 1  515    13   
768   568   10100101001001010010100100101001001 22    1 0  32     12   
769   513   10100101001001010010100100101001001 56    1 0  329    11   
770   127   10100101001001010010100100101001001 111   0 1  627    10   
771   671   10100101001001010010100100101001001 109   2 0  144    9    
772   271   10100101001001010010100100101001001 111   0 0  442    8    
773   424   10100101001001010010100100101001001 111   1 1  740    7    
774   38    10100101001001010010100100101001001 200   0 0  259    6    
775   182   10100101001001010010100100101001001 198   0 1  557    5    
776   726   10100101001001010010100100101001001 54    2 0  74     4    
777   326   10100101001001010010100100101001001 56    0 0  372    3    
778   479   10100101001001010010100100101001001 56    1 1  670    2    
779   93    10100101001001010010100100101001001 145   0 0  188    2    
780   637   10100101001001010010100100101001001 143   2 1  486    1    
781   237   10100101001001010010100100101001001 145   0 0  3      0    
782   4     10100101001001010010100100101001001 145   0   0      -1   
Length 1, x at 3, y ends at 4, z at 5
0
Length 88, x at 10, y ends at 11, z at 12
0010010100100101001010010010100100101001010010010100101001001010010010100101001001010010
Length 90, x at 12, y ends at 13, z at 14
001001010010010100101001001010010010100101001001010010100100101001001010010100100101001010
Length 122, x at 20, y ends at 21, z at 22
00100101001001010010100100101001010010010100100101001010010010100100101001010010010100101001001010010010100101001001010010
Length 124, x at 22, y ends at 23, z at 24
0010010100100101001010010010100101001001010010010100101001001010010010100101001001010010100100101001001010010100100101001010
Length 135, x at 46, y ends at 47, z at 48
001001010010100100101001001010010100100101001010010010100100101001010010010100100101001010010010100101001001010010010100101001001010010
Length 137, x at 48, y ends at 49, z at 50
00100101001010010010100100101001010010010100101001001010010010100101001001010010010100101001001010010100100101001001010010100100101001010
Length 148, x at 70, y ends at 71, z at 72
0010010100101001001010010100100101001001010010100100101001010010010100100101001010010010100100101001010010010100101001001010010010100101001001010010
Length 153, x at 140, y ends at 141, z at 142
001010010010100101001001010010100100101001001010010100100101001010010010100100101001010010010100100101001010010010100101001001010010010100101001001010010
Length 155, x at 325, y ends at 326, z at 327
01001010010010100101001001010010100100101001001010010100100101001010010010100100101001010010010100100101001010010010100101001001010010010100101001001010010